make[1]: Entering directory `/home/anubhav/soc/flint2'
make[1]: Nothing to be done for `shared'.
make[1]: Leaving directory `/home/anubhav/soc/flint2'
make[1]: Entering directory `/home/anubhav/soc/flint2'
make[1]: Nothing to be done for `static'.
make[1]: Leaving directory `/home/anubhav/soc/flint2'
make[1]: Entering directory `/home/anubhav/soc/flint2/dmod_vec'
    CC   ../build/dmod_vec/test/t-ulongdot
mulmod....PASS
dot....2527978 512
0
927222701000
1211005944272
3701684744322
4432177838818
5231183745088
6337143503659
7326387095421
9066000945946
9486522165215
10363310955911
11802352040611
12243280839739
12813391648582
13987741946518
17446030618528
18303308351758
19278871627438
19399057058122
21496253082480
22408317505002
25057272806247
26672363927967
28866717898828
30288621579334
32101836122366
34149403348252
36672089058863
36864918356867
37840253902836
39334423101081
40781334228891
40899918566577
43996283520273
44824639334771
45440996761379
47260280764539
47727053297699
49889931838724
50056609125892
56339178388966
56693340114716
57630809558671
61316147930635
62762920063120
63555116643927
64500507009743
68667106213763
68881135124355
70021965655419
70266885115443
72352609511139
73361236393017
73460310233694
77917087656768
78625496627408
81783940159784
86616268391924
87080047812224
89982220908085
91800418985437
93850881428908
94527270100060
97991792622934
99432821510918
99884045631239
102537688595464
105790199851352
106916103127975
107389217965495
109097433786103
111166631613072
111374611432254
113089008101083
114903525519563
119416838977256
119486453430626
119541096339730
119614472234530
119685696250726
120499016954914
122331670582054
122765554529896
126028285342771
126913256133005
128907127946225
129304545693779
130169782342471
130669534201431
131219543251415
132454442908448
133772166564334
134385486441598
136160232461415
137120005465215
138025225009545
141224504240805
142207936848413
142657846065373
142902467191213
142959684492508
145441379655988
146587915267858
146815984383990
146939765711898
148728699417400
150875989574860
151031767322475
156091545598704
156626015718468
158082751300971
162628690619334
163166832394869
164405788016079
166363172768083
167130740584072
167366881888692
170531845557342
171874926179061
172632994634101
173564353228929
174110254290376
174193469588226
174521308154678
177255226537490
180577474473435
182120896652895
182607798350333
184601554391486
186123654105541
186439495920781
186996857614895
190186311924795
191192478813299
192231633420025
192417525809712
193245223963808
194732460533112
196536394566744
197549707151314
198314297403040
199892081380895
202530950101695
204941893988805
205687198330635
206288341647947
206421583407441
208280804677841
210208125213786
210590766266767
214621408138463
216445357838771
216647719680460
219548113668298
220468391663557
222471470633305
222873802285783
222880483763289
223995111774429
225750174648279
226512010586251
227204152996024
228750141964378
229551054319940
230151410459477
232289724708590
232352818009340
235499065181936
235593137545486
240464999708413
241395770792173
241789543835886
242546415977616
242776491502845
247616279069001
249096256272641
250105483999841
250158913074641
251479276682627
251829679345861
252303741470210
252883400077910
253744422803902
254176306533668
254336496619358
256602479531440
259351040010745
259546731743553
260081273846991
262722026508791
263393511883691
263709189674746
263735917417204
266036536741454
268697964210567
269435779345767
271171341252921
271386698727171
271760724826365
272007601882335
272697110026320
273909855592660
275570362731154
280284689481022
280745712368244
281238884791398
282165120240670
282767347673622
286514103069284
288798574496724
289120659237106
290477405386209
294664181622966
297247074734266
297543137939902
298059518850005
300216617821065
301376164707162
306457160289898
306784217942458
309792665941108
311681322021115
313675831030415
314893833210215
315804723900302
316104726974322
322106499421342
322559139086038
323411764412724
323503609112744
323701479413988
328890609341952
328967940646776
330326282873788
332805836662659
334776011105595
335763426161653
336738047611597
337388030769865
337532209196233
338511432111865
339158322209385
340656301098520
343196823272712
346596281960394
347736684711999
347950535605635
349194981813727
355098706263337
358099529374453
362449697235355
363438619606075
365315038141469
366503915943043
367034192844463
367176482680575
368086531501092
369877442686452
371202214115172
373182895169365
373364699721610
376033553226850
378745526861640
380932240954696
382435958390042
384576226983694
384789566687388
388035013804410
388447609942938
388819474074958
388874335921228
388939212537326
389224877236590
392424370464880
393461315311980
397600267599350
397828803430902
400214329177287
401023307991387
404054356331667
406453320285933
407254665309644
408708825243180
410559683471788
415575978765448
416102076549376
421023019290816
425612220978976
426865463374608
430375403341944
430624361281824
430753470670324
432939977648285
434606533239515
435626574797825
437314865296079
438471323560691
438802749455720
439548351964618
439615659231778
441747207503638
446469674358238
446486005950933
446957107573591
448906445329986
450829645533441
451404462521781
453780284270093
454298657658785
454794406796825
455165301899945
456722984826629
457233159859781
461018523702151
461463666031702
464350310542983
465131719502915
466140691569531
469294564284783
474476266651866
474530170087118
475055727151358
478975224804603
480680709405267
482279120606368
484829144954195
485456417097707
486177717782567
486182203599815
486632362382207
486830471030180
488151016971202
490902109331221
491189050292164
491536193134108
492036702821868
494387221671118
495528508831303
498502276014487
500580363926851
501093237241331
502667352510017
502919551303754
503658363629129
509061064527081
513171232260405
513965890143855
514056064263849
518654294916379
518714062670034
522228779097267
524294393366244
524421430638493
524992211185453
527030111418005
528274450272660
528977877954390
531393508873520
531402485472112
531518757279226
532266624340478
534508146489058
534563532606691
536320359514670
537291806236270
538228173709402
540986665536512
541028240107507
542773180799176
545161815955741
548116565406496
549418790755478
552984192679958
554675774755862
554937824749142
556031073834074
556985999106234
557853348805046
562842118016146
563596221187096
563754719166856
569015061524396
572005447057181
575415452166731
575743006073291
579306693944811
581322528042070
581338876581085
581522143193212
582474933551144
584892457099976
585437363093741
585561816744351
590472157297616
590555979593715
593692711775487
596350714791605
596661208711098
597732883324156
598425085381780
598886963627895
603843002828077
604610029188229
606945823348621
610656845323946
611188822128394
612645651981546
616348462140428
617558361947516
619545188370849
619574804203134
620953791852873
622401443313802
622857300445246
626262733467326
626263974639552
626823291219840
627950517910560
628338889140597
628344058137885
629925295538104
631454590588244
632477859879956
633467004209714
635227118336234
635326380878058
640930926096558
641138447187972
641416285495692
642722385688040
644702984056109
649561771737773
650226464792959
650615555584159
652136745119635
653237652085415
655581090711491
657846710818202
660268516253373
660865043366931
660869324351303
661444664916947
663796730763572
665157482491732
666603775240810
669004103633822
670060987050017
671350688640365
671886931979648
672847399569676
676278276385998
676708097877986
679729731697971
680365305986151
680409692437901
685055271750352
685305326174352
685826339315140
686089043534206
686852142657535
690315440450295
692504570764855
692753780440789
692812287162209
692823801069665
692928630855911
693034917249811
697005203458835
698015745836823
698472141124029
699644103412812
699731294189388
701444447196394
701970932393154
705818851093980
708299382057969
709249047381033
710576342987999
714629555133020
715510958007836
716552037916820
716770164427796
718147514288436
718290448974611
720740517888851
721474761882419
726384308628915
726584736065029
728624980314754
730092724561780
733812725759140
735811610427221
735958175605203
737715641578698
737731570089744
739517103164372
741251884031828
742210517192068
742426242593482
744339737431576
744887935840588
747999231311591
748816742215210
751074251739187
751250110344007
753967652407933
754956498419086
757020110003260
757092390083584
760207188587146
761197911967076
762254690320376
210246
4436525750238
7700851101588
9350557619868
9563674567394
10859622632718
11162257198182
14333765090923
14349615116611
16393899985753
19945155610335
21520211258343
25809605141068
28892134813969
29788986271249
31178847982708
32008655154043
32214388752583
35263542669203
38990014200343
42073252984196
42765930446061
43483560430266
43649708915194
45906656176506
46674592504074
50066294093439
51150224063812
52526994376897
52929815644161
55630630779574
57598339010250
57926644419180
58193157356580
58486412450427
58614785704572
59140943815740
60166932217170
60641153288970
60790708193056
60843028810948
61054009883653
61200961743558
62142883074496
63761035107268
66252899255104
66959984790414
67566867640974
72721510723854
73130186853588
77001206412136
77748796055506
82466582928214
82479322000664
85959481616432
88857333433432
90530310736531
92497009410658
94323835948618
96215333517313
99795103227844
103071574121988
103157717788674
104169199302066
108776213070061
109624290406195
109781820268555
110844775013410
110987246778796
111200847995548
111296869209322
113186726633386
114239123868718
116398501609434
117686573888038
120994903025768
126669263796428
128364512833644
128840385595558
130120594104235
132442462020915
134928508538009
135996633956225
137030593173383
139644425367272
141854755058947
142920673519663
0
818248
835174
1950614
410318
950018
669325
966083
1923776
1586679
1655723
1375835
252203
1462486
2332324
1932466
1878248
747882
1048490
1691916
1987774
373851
1743063
26540
2033298
1604028
185100
1481643
1673763
331706
549117
716825
134509
1570641
2193989
664527
20207
1639491
347210
460904
878708
470592
2136961
1092987
1304160
363151
268329
1300617
1481817
1045085
2412535
863485
2443033
2297912
10590
1290224
1749290
1443288
547686
1812009
2272421
1536268
1885762
1343020
1875708
2146853
1324698
917918
936835
2163677
50235
2380600
393766
750313
1287821
1863104
858310
1522944
328316
1092340
490544
1522540
1022308
2085439
1089235
1038339
420469
1206969
2151065
1555567
1655446
1610964
1161714
450455
1326775
2508865
1710203
316251
232595
1567265
614508
2527190
1524918
1521846
406984
368874
733354
1948631
1922124
1877172
249087
600972
1587735
247101
1969441
2353268
176952
1117030
2419041
1055265
1995333
1375548
693594
961094
2144114
1616283
2219535
186305
650330
2282607
1054505
1743113
2273577
1054367
2496435
23892
261118
2093242
1361810
1772838
22508
2147179
585031
1741629
25565
286389
2437415
2063891
2284548
1003515
1888297
293737
24504
1877316
2345389
27167
1452967
1484619
1019933
2527393
1959329
1688548
655046
1548626
832833
2138844
2164670
1229828
2476042
1052885
972781
995346
1579832
771325
2264239
27559
793665
1053435
1752021
1384675
1906596
214852
1217978
130268
2362010
1858056
561015
1516843
144203
1707423
510007
2104268
1535332
1616968
1655439
1131559
2494615
1523045
637249
417695
34202
1242580
975818
144628
739946
46992
2052910
1926812
681026
1589316
1708674
2289001
2033630
1878836
941002
1896957
2520397
1289586
1250232
1749042
1721034
381285
476013
103611
2176804
2517630
1275730
1423570
442328
1173630
1580858
1627782
2085586
1061726
269187
113779
2130905
2110597
1677417
1934511
2459931
683097
928552
1275908
1995738
1007829
130533
1136543
2051941
1518047
2084747
2213669
1270805
1354715
2006921
2073325
1565644
2128596
1854284
2033565
1991984
867218
151256
634422
916028
2439584
1023902
2176766
1969958
538178
205892
1322576
1979862
300100
1435314
1518360
554778
2389441
435783
626085
1937581
687094
1947602
1083510
1824012
2106360
568846
2003014
1833124
1082096
1220558
1716642
2378909
1113529
1020861
1635639
972459
1367754
2045332
1898242
2096128
1280510
2135325
2417793
1170520
1662827
1957571
2173725
1033627
1045977
1328849
2355427
1092443
1013349
1808792
1329411
2177631
80953
307119
2520504
1880862
2430814
1649915
1060747
2108184
1959873
1866289
2172343
828641
40595
1164620
2181826
2259521
21618
924602
1304098
1152992
2309341
268071
1785205
1451023
434625
559148
1202111
1053649
140157
779197
1923931
2385053
1154854
1513281
2430480
1224295
2258525
834135
661784
769168
2086574
1835288
1822270
1983914
1431586
2079217
564184
955900
321876
475056
2447841
1269054
572979
1305752
1987484
1884258
121352
2443130
2162182
1440688
1887700
1170106
919722
2262816
1599056
1507993
1925475
666619
479517
2167774
2273063
592102
1097790
1589376
1925241
690933
1832954
1434529
818055
1813721
1891320
902750
2136326
1105995
108649
23931
655817
1486702
712742
2348098
2235084
1659460
1693363
2263378
665919
469192
2495764
1410000
1345028
264838
1565358
2063233
1345511
1146620
961616
374444
340
1860426
818102
1114756
492150
1377780
1512604
2429035
1226831
386587
2499873
1497673
1852211
2344309
535838
519031
663929
1781547
2362149
2085882
1400136
15744
657866
2199689
197821
1259810
1528408
138316
2170854
2030933
2202265
2416291
2509394
1989524
1392490
665774
1822045
90541
48243
1652937
851525
2347169
1941711
2028579
197461
1065795
260837
2060732
348110
808010
1722556
1686308
2269379
2321007
774919
2145442
210778
635868
565114
1836278
2118355
258599
626001
1746345
974707
131884
352110
1027174
850765
1448241
1948268
1669936
1131362
71944
1222782
1621566
1656054
451832
2167203
377314
267511
82761
1188379
797074
1188046
1321394
2291816
981634
1107660
210246
199578
647066
1810084
100298
467746
674918
904045
507673
575423
737187
2220273
1399916
650869
1353089
983972
1904785
1069751
1457957
843121
1371186
221161
450616
109472
1476098
1286716
744733
2004112
106705
719559
2527090
937972
372020
1228770
762705
766032
704148
1650344
1857102
1582708
639934
1724715
2223480
1479596
2378502
692068
668866
1952878
1830594
2508870
139402
960744
1978490
41820
1048042
1347906
730275
775808
1707914
409581
1593432
649424
937782
533704
1914719
775347
2216615
355964
337226
52868
1078268
293026
286958
1971876
1204074
924896
1605284
1235590
2362828
2364657
855655
943835
41535
1088825
93878
2333165
1398159
37109 37109
PASS
make[1]: Leaving directory `/home/anubhav/soc/flint2/dmod_vec'
