make[1]: Entering directory `/home/anubhav/soc/flint2'
make[1]: Nothing to be done for `shared'.
make[1]: Leaving directory `/home/anubhav/soc/flint2'
make[1]: Entering directory `/home/anubhav/soc/flint2'
make[1]: Nothing to be done for `static'.
make[1]: Leaving directory `/home/anubhav/soc/flint2'
make[1]: Entering directory `/home/anubhav/soc/flint2/dmod_vec'
    CC   ../build/dmod_vec/test/t-ulongdot
mulmod....PASS
dot....0
818248
835174
1950614
410318
950018
669325
966083
1923776
1586679
1655723
1375835
252203
1462486
2332324
1932466
1878248
747882
1048490
1691916
1987774
373851
1743063
26540
2033298
1604028
185100
1481643
1673763
331706
549117
716825
134509
1570641
2193989
664527
20207
1639491
347210
460904
878708
470592
2136961
1092987
1304160
363151
268329
1300617
1481817
1045085
2412535
863485
2443033
2297912
10590
1290224
1749290
1443288
547686
1812009
2272421
1536268
1885762
1343020
1875708
2146853
1324698
917918
936835
2163677
50235
2380600
393766
750313
1287821
1863104
858310
1522944
328316
1092340
490544
1522540
1022308
2085439
1089235
1038339
420469
1206969
2151065
1555567
1655446
1610964
1161714
450455
1326775
2508865
1710203
316251
232595
1567265
614508
2527190
1524918
1521846
406984
368874
733354
1948631
1922124
1877172
249087
600972
1587735
247101
1969441
2353268
176952
1117030
2419041
1055265
1995333
1375548
693594
961094
2144114
1616283
2219535
186305
650330
2282607
1054505
1743113
2273577
1054367
2496435
23892
261118
2093242
1361810
1772838
22508
2147179
585031
1741629
25565
286389
2437415
2063891
2284548
1003515
1888297
293737
24504
1877316
2345389
27167
1452967
1484619
1019933
2527393
1959329
1688548
655046
1548626
832833
2138844
2164670
1229828
2476042
1052885
972781
995346
1579832
771325
2264239
27559
793665
1053435
1752021
1384675
1906596
214852
1217978
130268
2362010
1858056
561015
1516843
144203
1707423
510007
2104268
1535332
1616968
1655439
1131559
2494615
1523045
637249
417695
34202
1242580
975818
144628
739946
46992
2052910
1926812
681026
1589316
1708674
2289001
2033630
1878836
941002
1896957
2520397
1289586
1250232
1749042
1721034
381285
476013
103611
2176804
2517630
1275730
1423570
442328
1173630
1580858
1627782
2085586
1061726
269187
113779
2130905
2110597
1677417
1934511
2459931
683097
928552
1275908
1995738
1007829
130533
1136543
2051941
1518047
2084747
2213669
1270805
1354715
2006921
2073325
1565644
2128596
1854284
2033565
1991984
867218
151256
634422
916028
2439584
1023902
2176766
1969958
538178
205892
1322576
1979862
300100
1435314
1518360
554778
2389441
435783
626085
1937581
687094
1947602
1083510
1824012
2106360
568846
2003014
1833124
1082096
1220558
1716642
2378909
1113529
1020861
1635639
972459
1367754
2045332
1898242
2096128
1280510
2135325
2417793
1170520
1662827
1957571
2173725
1033627
1045977
1328849
2355427
1092443
1013349
1808792
1329411
2177631
80953
307119
2520504
1880862
2430814
1649915
1060747
2108184
1959873
1866289
2172343
828641
40595
1164620
2181826
2259521
21618
924602
1304098
1152992
2309341
268071
1785205
1451023
434625
559148
1202111
1053649
140157
779197
1923931
2385053
1154854
1513281
2430480
1224295
2258525
834135
661784
769168
2086574
1835288
1822270
1983914
1431586
2079217
564184
955900
321876
475056
2447841
1269054
572979
1305752
1987484
1884258
121352
2443130
2162182
1440688
1887700
1170106
919722
2262816
1599056
1507993
1925475
666619
479517
2167774
2273063
592102
1097790
1589376
1925241
690933
1832954
1434529
818055
1813721
1891320
902750
2136326
1105995
108649
23931
655817
1486702
712742
2348098
2235084
1659460
1693363
2263378
665919
469192
2495764
1410000
1345028
264838
1565358
2063233
1345511
1146620
961616
374444
340
1860426
818102
1114756
492150
1377780
1512604
2429035
1226831
386587
2499873
1497673
1852211
2344309
535838
519031
663929
1781547
2362149
2085882
1400136
15744
657866
2199689
197821
1259810
1528408
138316
2170854
2030933
2202265
2416291
2509394
1989524
1392490
665774
1822045
90541
48243
1652937
851525
2347169
1941711
2028579
197461
1065795
260837
2060732
348110
808010
1722556
1686308
2269379
2321007
774919
2145442
210778
635868
565114
1836278
2118355
258599
626001
1746345
974707
131884
352110
1027174
850765
1448241
1948268
1669936
1131362
71944
1222782
1621566
1656054
451832
2167203
377314
267511
82761
1188379
797074
1188046
1321394
2291816
981634
1107660
210246
199578
647066
1810084
100298
467746
674918
904045
507673
575423
737187
2220273
1399916
650869
1353089
983972
1904785
1069751
1457957
843121
1371186
221161
450616
109472
1476098
1286716
744733
2004112
106705
719559
2527090
937972
372020
1228770
762705
766032
704148
1650344
1857102
1582708
639934
1724715
2223480
1479596
2378502
692068
668866
1952878
1830594
2508870
139402
960744
1978490
41820
1048042
1347906
730275
775808
1707914
409581
1593432
649424
937782
533704
1914719
775347
2216615
355964
337226
52868
1078268
293026
286958
1971876
1204074
924896
1605284
1235590
2362828
2364657
855655
943835
41535
1088825
93878
2333165
1398159
441351 37109
FAILmake[1]: Leaving directory `/home/anubhav/soc/flint2/dmod_vec'
